11111111111111111111111111111111,
10000000000000000000000000000000,
10000000000000000000000000000000,
10000000000000000000000001100000,
10000000000000000000000000000000,
10000000000000000000000000000000,
10111111111111111111100000001100,
10111011101110111011100000000000,
10100001001010101001000000000000,
10111001001010101001000001104000,
10001001001110111001000000000000,
10001001001010110001000000000000,
10111001001010101001000000001100,
10111111111111111111100000000000,
10000000000000000000000000000000,
10000000000000000000000001100000,
10000000000000000000000000000000,
10000000000000000000040000000000,
10000044440000000000000000200000,
11111111111111111133111111133111,
]
11111111111111111111111111111111,
00000000000000000000000000000001,
00000000000000000000000000000001,
00000000000000000000000000000001,
00000000000000000000000000000001,
00000000000000000000000000000001,
00000000000000000000000000000001,
00000000000000000000000000000001,
00000000000000000000000000000001,
00000000000000000000000000000001,
00000000000000000000000000000001,
00000000000000000000000000000001,
00000000000000000000000000000001,
00000000000000000000001111100001,
00000000000000000000001000100001,
00000000000000000000000000100001,
00000000000000000000000000100001,
00000000000000000000000000100001,
00000000000000000000000000100001,
11111111111111111111111111111111,
]
11111111111111111111111111111111,
00000000000000011000000000000000,
00040000000000011000000000004000,
00111000000000011000000000011100,
00000000000000011000000000000000,
00000040000000111100000004000000,
00000111000000000000000011100000,
00000000000000000000000000000000,
00000000111110000001111100000000,
00000000000000011000000000000000,
00000000000020011000000200000000,
00000000111110000001111100000000,
00000042000000000000000004200000,
00000111000000400400000011100000,
00000000000000111100000000000000,
00042000000000011000000000004200,
00111000000000011000000000011100,
00000000000000011000000000000000,
00000000000000011000000000000000,
11111111111111111111111111111111,
]
11111111111111113311111111111111,
00000011000000000000000000110000,
00000001104000000000000401100000,
00000000111110000000011111000000,
00000000000000000000000000000000,
00100000000020000000020000000000,
00400000000011111111110000000000,
00000000000000000000000000000000,
00000011111000000000000111110000,
00100000000000000000000000000000,
00000000020000000000000020000000,
00000000011100000000001110000400,
00100000000110000000011000000100,
00000000000011000000110000000000,
00000000000000000000000000000000,
00000000000000002000000000000000,
00111000000000011110000001110000,
00000000000000110400000000000000,
00000000000001100000000000000000,
11111111111111111113311111111111,
]
11111111111111111111111111111111,
00000000000000011113311100000000,
00000000001000000000000000000000,
00001000000000000000000000000000,
00000000000000000000000000000000,
00000000000000000200000000000100,
00000000000000000000000000000000,
00000111111111111100000000000000,
00000000020000010000000000000000,
00000000000000010000000000000000,
00000000000000000000011111000000,
00000001000040000000000000000000,
00000000000000010000040000000000,
00000000000000010000000002000000,
00000000000111111111111111000000,
00001000000000000000000000000000,
00000000000000000000000000001000,
00000000000000000000001000000000,
00000000100000000000000000000000,
11111111111111111111111111111111,
]
11111111111111111111111111111111,
00010000000000000000000001000000,
00010400000000000001000001100000,
01111100000000001001400000000000,
00000000111100111111100000000000,
00000000002100001000000000111000,
00000000000100000000000000000000,
00000000000100000000000000020000,
00000000000000000000000110000000,
00000000000000000000002000000000,
00000000001111111111111000000000,
00000000000000000100000000000000,
00000111000200000100000000000000,
00000100000000000000000000000010,
00000100000000000000001400000010,
00000100111100000000021000000010,
00111100010000000000111111001110,
00104000010000000000000000001000,
00100000010000000000000000001000,
11111111111111111111111111111111,
]
11111111111111111111111111111111,
01111111111111111110001100111110,
01111001111111111111000200111110,
00010000013311111110000000001100,
00000000000001111100040000001100,
11000000000000000000001111000000,
00000000000000000001111100000000,
00000011000000001111111100010000,
00000000000000000001001111100000,
00000000000000000000001111000000,
00000004000011100000000010000000,
00000000000000000040000000000000,
00000000000000000000000000004000,
00000000000000000000000000000000,
00000000001000000000000000000000,
00000001331330000000001300000000,
00001331111110000000001101100000,
00011111111111131000011000110000,
00011111111111111100114020411000,
11111111111111111111111111111111,
]
11111111111111111111111111111111,
00000000000000000000001000000000,
00000000000000000000000000200000,
00000000100000000040000000000000,
11000000000001000000000000011000,
00010000000000000111111000000000,
00000004100200000000001001000000,
00000000000000200000001000000001,
00000010000000000000001000000000,
00000001111111100040001000011000,
00000001111111100000001000000000,
00000001000000000010001002002000,
00000000000000000000201000400010,
00000020000000000000001010000000,
00001000000001000111111000111000,
00000000000000000000000000000000,
11000111111004000001000000000000,
10000000000000000000000010001000,
00040000000000000000200000000000,
11111111111111111111111111111111,
]
!